ID	名称	图标	是否DeBuff	表现类型1	特效ID1	绑定点1	表现类型2	特效ID2	绑定点2	表现类型3	特效ID3	绑定点3	buff等级	buff描述	变身typeid
7071	定身	1111406	1	0	0	0	0	0	0	0	0	0	1	定身，无法移动	0
7091	减速	1121407	1	1	500043	thorax	0	0	0	0	0	0	1	减速，移动速度降低30%	0
7101	持续伤害	1112402	1	0	0	0	0	0	0	0	0	0	1	受到持续伤害	0
7111	减速	1111102	1	18	0	2D5AF9	1	500043	thorax	0	0	0	1	减速，移动速度降低50%	0
7121	眩晕	1112407	1	1	500041	head	0	0	0	0	0	0	1	眩晕，无法移动和使用技能	0
9111	眩晕	1112407	1	1	500041	head	0	0	0	0	0	0	1	眩晕，无法移动和使用技能	0
9221	破甲	1112204	1	1	122042	thorax	0	0	0	0	0	0	1	物理防御降低30%	0
9311	冰冻	1111102	1	18	0	2D5AF9	1	500043	thorax	0	0	0	1	减速，移动速度降低30%	0
9321	眩晕	1112407	1	1	500041	head	1	500042	thorax	18	0	E60000	1	眩晕，无法移动和使用技能	0
9421	破防	1111205	1	1	500042	thorax	18	0	E60000	0	0	0	1	法术防御降低5%	0
10001	1.5倍经验	3300301	0	1	0	0	0	0	0	0	0	0	1	从怪物处额外获得原始经验的50%，可以与VIP双倍经验同时有效	0
10002	2倍经验	3300301	0	1	0	0	0	0	0	0	0	0	1	从怪物处额外获得原始经验的100%，可以与VIP双倍经验同时有效	0
10003	篝火盛宴	3310115	0	2	53	8	0	0	0	0	0	0	1	开始享受篝火盛宴	0
10004	鸡血复活	1122406	0	0	0	0	0	0	0	0	0	0	1	打了鸡血，攻击和防御增加10%	0
10005	战鼓声声	3310135	0	0	0	0	0	0	0	0	0	0	1	受到国战战鼓的鼓舞，开始自动增加经验	0
10006	无敌	1122407	0	0	0	0	0	0	0	0	0	0	1	现在是无敌的	0
10007	保护状态	3310125	0	4	60300330	0	0	0	0	0	0	0	1	您当前处于保护状态，无法攻击玩家，也无法被玩家攻击	0
10041	打坐	101	0	1	500057	root	2	44	8	0	0	0	1	持续恢复生命值和法力值	0
10051	打坐	101	0	1	500058	root	2	44	8	0	0	0	1	持续恢复生命值和法力值	0
10061	打坐	101	0	1	0	0	2	44	8	0	0	0	1	持续恢复生命值和法力值	0
10111	真气爆发	1122404	0	0	0	0	0	0	0	0	0	0	1	真气爆发	0
10131	眩晕	1112407	1	1	500041	head	0	0	0	0	0	0	1	眩晕，无法移动和使用技能	0
10301	魔女	4511112	0	0	0	0	0	0	0	0	0	0	1	魔女	0
10302	魔女	4511112	0	0	0	0	0	0	0	0	0	0	1	魔女	0
10303	魔女	4511112	0	0	0	0	0	0	0	0	0	0	1	魔女	0
21201	起式	1121201	0	1	500140	static	0	0	0	0	0	0	1	起式，可以接接式	0
21202	接式	1121202	0	1	500141	static	0	0	0	0	0	0	1	接式，可以接终式	0
31101	聚气	1121104	0	0	0	0	0	0	0	0	0	0	1	聚气	0
50006		0	0	17	60	31500104	0	0	0	0	0	0	1		0
50007		0	0	17	60	31500101	0	0	0	0	0	0	1		0
50008		0	0	17	60	31500102	0	0	0	0	0	0	1		0
50009		0	0	17	60	31500103	0	0	0	0	0	0	1		0
50010		0	0	17	60	31500100	0	0	0	0	0	0	1		0
50010		0	0	17	60	31500100	0	0	0	0	0	0	1		0
51001		4312209	0	0	0	0	0	0	0	0	0	0	1	青龙变身	0
51002		4312301	0	0	0	0	0	0	0	0	0	0	1	白虎变身	0
51003		4312204	0	0	0	0	0	0	0	0	0	0	1	朱雀变身	0
51004		4312303	0	0	0	0	0	0	0	0	0	0	1	玄武变身	0
51005		4312210	0	0	0	0	0	0	0	0	0	0	1	麒麟变身	0
51006	楚江王	4511112	0	0	0	0	0	0	0	0	0	0	1	变身为楚江王	0
51007	宋帝王	4512206	0	0	0	0	0	0	0	0	0	0	1	变身为宋帝王	0
51008	秦广王	4511109	0	0	0	0	0	0	0	0	0	0	1	变身为秦广王	0
51009	毒蛟	4312108	0	0	0	0	0	0	0	0	0	0	1	变身为毒蛟	0
51010	山魈	4311303	0	0	0	0	0	0	0	0	0	0	1	变身为山魈	0
51011	金生水	4312203	0	17	150	31510102	0	0	0	0	0	0	1	克木生水	0
51012	木生火	4311102	0	17	150	31510103	0	0	0	0	0	0	1	克土生火	0
51013	水生木	4312304	0	17	150	31510104	0	0	0	0	0	0	1	克火生木	0
51014	火生土	4312108	0	17	150	31510101	0	0	0	0	0	0	1	克金生土	0
51015	土生金	4311303	0	17	150	31510100	0	0	0	0	0	0	1	克水生金	0
51016	大力神	4316002	0	17	130	0	0	0	0	0	0	0	1	化身大力巨神，从而获得大力神的神威！	0
51017	坦克车	106	0	17	70	0	0	0	0	0	0	0	1	登上无敌战车，让妖怪们在你的车轮底下颤栗吧！	0
51018	天狐	4313302	0	17	60	0	0	0	0	0	0	0	1	变身为狐族的使者！	0														
52001	金色水晶	3310155	0	1	500118	root	0	0	0	0	0	0	1	你携带着金色水晶，可以提交获得奖励	0
52002	紫色水晶	3310156	0	1	500117	root	0	0	0	0	0	0	1	你携带着紫色水晶，可以提交获得奖励	0
52003	蓝色水晶	3310157	0	1	500116	root	0	0	0	0	0	0	1	你携带着蓝色水晶，可以提交获得奖励	0
52004	绿色水晶	3310158	0	1	500115	root	0	0	0	0	0	0	1	你携带着绿色水晶，可以提交获得奖励	0
53001	魔使	1112406	0	17	101	0	1009	500123	thorax	1	500126	thorax	1	你现在是魔使，物理和法术攻击增加2%	0
53002	恶魔	1112406	0	17	105	0	1009	500123	thorax	1	500126	thorax	1	你现在是恶魔，物理和法术攻击增加4%	0
53003	天魔	1112406	0	17	110	0	1009	500123	thorax	1	500126	thorax	1	你现在是天魔，物理和法术攻击增加6%	0
53004	魔神	1112308	0	17	115	0	1009	500124	thorax	1	500127	thorax	1	你现在是魔神，物理和法术攻击增加8%	0
53005	魔帝	1112308	0	17	120	0	1009	500124	thorax	1	500127	thorax	1	你现在是魔帝，物理和法术攻击增加10%	0
53006	魔王	1112303	0	17	125	0	1009	500125	thorax	1	500128	thorax	1	你现在是魔王，物理和法术攻击增加12%	0
111011	冰魄寒气	1111101	1	18	0	2D5AF9	1	500043	thorax	0	0	0	1	减速，移动速度降低12%	0
111012	冰魄寒气	1111101	1	18	0	2D5AF9	1	500043	thorax	0	0	0	2	减速，移动速度降低14%	0
111013	冰魄寒气	1111101	1	18	0	2D5AF9	1	500043	thorax	0	0	0	3	减速，移动速度降低16%	0
111014	冰魄寒气	1111101	1	18	0	2D5AF9	1	500043	thorax	0	0	0	4	减速，移动速度降低18%	0
111015	冰魄寒气	1111101	1	18	0	2D5AF9	1	500043	thorax	0	0	0	5	减速，移动速度降低20%	0
111021	凛风飘雪	1111102	1	18	0	2D5AF9	1	500043	thorax	1	111024	thorax	1	减速，移动速度降低40%	0
111022	凛风飘雪	1111102	1	18	0	2D5AF9	1	500043	thorax	1	111024	thorax	2	减速，移动速度降低40%	0
111023	凛风飘雪	1111102	1	18	0	2D5AF9	1	500043	thorax	1	111024	thorax	3	减速，移动速度降低40%	0
111024	凛风飘雪	1111102	1	18	0	2D5AF9	1	500043	thorax	1	111024	thorax	4	减速，移动速度降低40%	0
111025	凛风飘雪	1111102	1	18	0	2D5AF9	1	500043	thorax	1	111024	thorax	5	减速，移动速度降低40%	0
111041	寒阴凝杀	1111104	1	0	0	0	0	0	0	0	0	0	1	法术防御降低5%	0
111042	寒阴凝杀	1111104	1	0	0	0	0	0	0	0	0	0	2	法术防御降低10%	0
111043	寒阴凝杀	1111104	1	0	0	0	0	0	0	0	0	0	3	法术防御降低15%	0
111044	寒阴凝杀	1111104	1	0	0	0	0	0	0	0	0	0	4	法术防御降低20%	0
111045	寒阴凝杀	1111104	1	0	0	0	0	0	0	0	0	0	5	法术防御降低25%	0
111051	冰封千里	1111105	1	18	0	2D5AF9	1	500043	thorax	1	111052	root	1	定身，无法移动	0
111052	冰封千里	1111105	1	18	0	2D5AF9	1	500043	thorax	1	111052	root	2	定身，无法移动	0
111053	冰封千里	1111105	1	18	0	2D5AF9	1	500043	thorax	1	111052	root	3	定身，无法移动	0
111054	冰封千里	1111105	1	18	0	2D5AF9	1	500043	thorax	1	111052	root	4	定身，无法移动	0
111055	冰封千里	1111105	1	18	0	2D5AF9	1	500043	thorax	1	111052	root	5	定身，无法移动	0
111061	冰霜力场	1111106	0	18	0	2D5AF9	1	111061	static	0	0	0	1	可以吸收所有伤害，如果在持续时间内被打破则会发生冰爆	0
111062	冰霜力场	1111106	0	18	0	2D5AF9	1	111061	static	0	0	0	2	可以吸收所有伤害，如果在持续时间内被打破则会发生冰爆	0
111063	冰霜力场	1111106	0	18	0	2D5AF9	1	111061	static	0	0	0	3	可以吸收所有伤害，如果在持续时间内被打破则会发生冰爆	0
111064	冰霜力场	1111106	0	18	0	2D5AF9	1	111061	static	0	0	0	4	可以吸收所有伤害，如果在持续时间内被打破则会发生冰爆	0
111065	冰霜力场	1111106	0	18	0	2D5AF9	1	111061	static	0	0	0	5	可以吸收所有伤害，如果在持续时间内被打破则会发生冰爆	0
121050	神谕反噬	1112403	0	1	500044	head	0	0	0	0	0	0	1	因为释放了神谕庇护，受到反噬，无法释放技能	0
121051	神谕庇护	1112105	0	1	121052	static	0	0	0	0	0	0	1	无敌，无法被攻击	0
121052	神谕庇护	1112105	0	1	121052	static	0	0	0	0	0	0	2	无敌，无法被攻击	0
121053	神谕庇护	1112105	0	1	121052	static	0	0	0	0	0	0	3	无敌，无法被攻击	0
121054	神谕庇护	1112105	0	1	121052	static	0	0	0	0	0	0	4	无敌，无法被攻击	0
121055	神谕庇护	1112105	0	1	121052	static	0	0	0	0	0	0	5	无敌，无法被攻击	0
122011	诛心	1112201	1	1	122013	thorax	0	0	0	0	0	0	1	受到持续伤害	0
122012	诛心	1112201	1	1	122013	thorax	0	0	0	0	0	0	2	受到持续伤害	0
122013	诛心	1112201	1	1	122013	thorax	0	0	0	0	0	0	3	受到持续伤害	0
122014	诛心	1112201	1	1	122013	thorax	0	0	0	0	0	0	4	受到持续伤害	0
122015	诛心	1112201	1	1	122013	thorax	0	0	0	0	0	0	5	受到持续伤害	0
122021	勾魂	1112202	1	1	0	0	0	0	0	0	0	0	1	减速，移动速度降低12%	0
122022	勾魂	1112202	1	1	0	0	0	0	0	0	0	0	2	减速，移动速度降低14%	0
122023	勾魂	1112202	1	1	0	0	0	0	0	0	0	0	3	减速，移动速度降低16%	0
122024	勾魂	1112202	1	1	0	0	0	0	0	0	0	0	4	减速，移动速度降低18%	0
122025	勾魂	1112202	1	1	0	0	0	0	0	0	0	0	5	减速，移动速度降低20%	0
122031	摄魄	1112203	1	1	122064	thorax	0	0	0	0	0	0	1	定身，无法移动	0
122032	摄魄	1112203	1	1	122064	thorax	0	0	0	0	0	0	2	定身，无法移动	0
122033	摄魄	1112203	1	1	122064	thorax	0	0	0	0	0	0	3	定身，无法移动	0
122034	摄魄	1112203	1	1	122064	thorax	0	0	0	0	0	0	4	定身，无法移动	0
122035	摄魄	1112203	1	1	122064	thorax	0	0	0	0	0	0	5	定身，无法移动	0
122061	失心	1112206	1	1	122064	thorax	1	500041	head	0	0	0	1	眩晕，无法移动和使用技能	0
122062	失心	1112206	1	1	122064	thorax	1	500041	head	0	0	0	2	眩晕，无法移动和使用技能	0
122063	失心	1112206	1	1	122064	thorax	1	500041	head	0	0	0	3	眩晕，无法移动和使用技能	0
122064	失心	1112206	1	1	122064	thorax	1	500041	head	0	0	0	4	眩晕，无法移动和使用技能	0
122065	失心	1112206	1	1	122064	thorax	1	500041	head	0	0	0	5	眩晕，无法移动和使用技能	0
1220701	噬灵	1112207	1	1	0	0	0	0	0	0	0	0	1	受到治疗效果降低2%	0
1220702	噬灵	1112207	1	1	0	0	0	0	0	0	0	0	2	受到治疗效果降低4%	0
1220703	噬灵	1112207	1	1	0	0	0	0	0	0	0	0	3	受到治疗效果降低6%	0
1220704	噬灵	1112207	1	1	0	0	0	0	0	0	0	0	4	受到治疗效果降低8%	0
1220705	噬灵	1112207	1	1	0	0	0	0	0	0	0	0	5	受到治疗效果降低10%	0
211041	凌厉疾风	1121104	1	0	0	0	0	0	0	0	0	0	1	减速，移动速度降低10%	0
211042	凌厉疾风	1121104	1	0	0	0	0	0	0	0	0	0	2	减速，移动速度降低15%	0
211043	凌厉疾风	1121104	1	0	0	0	0	0	0	0	0	0	3	减速，移动速度降低20%	0
211044	凌厉疾风	1121104	1	0	0	0	0	0	0	0	0	0	4	减速，移动速度降低25%	0
211045	凌厉疾风	1121104	1	0	0	0	0	0	0	0	0	0	5	减速，移动速度降低30%	0
211051	震天	1121105	1	0	0	0	0	0	0	0	0	0	1	减速，移动速度降低10%	0
211052	震天	1121105	1	0	0	0	0	0	0	0	0	0	2	减速，移动速度降低15%	0
211053	震天	1121105	1	0	0	0	0	0	0	0	0	0	3	减速，移动速度降低20%	0
211054	震天	1121105	1	0	0	0	0	0	0	0	0	0	4	减速，移动速度降低25%	0
211055	震天	1121105	1	0	0	0	0	0	0	0	0	0	5	减速，移动速度降低30%	0
211061	旋风斩	1121106	0	20	11060	0	1	211061	root	15	211063	root	1	旋风斩，对周围目标造成伤害	0
211062	旋风斩	1121106	0	20	11060	0	1	211061	root	15	211063	root	2	旋风斩，对周围目标造成伤害	0
211063	旋风斩	1121106	0	20	11060	0	1	211061	root	15	211063	root	3	旋风斩，对周围目标造成伤害	0
211064	旋风斩	1121106	0	20	11060	0	1	211061	root	15	211063	root	4	旋风斩，对周围目标造成伤害	0
211065	旋风斩	1121106	0	20	11060	0	1	211061	root	15	211063	root	5	旋风斩，对周围目标造成伤害	0
211066	旋风斩	1121106	0	20	11060	0	1	211061	root	15	211063	root	6	旋风斩，对周围目标造成伤害	0
212021	刺	1121205	1	0	0	0	0	0	0	0	0	0	1	物理防御降低15%	0
212022	刺	1121205	1	0	0	0	0	0	0	0	0	0	2	物理防御降低15%	0
212023	刺	1121205	1	0	0	0	0	0	0	0	0	0	3	物理防御降低15%	0
212024	刺	1121205	1	0	0	0	0	0	0	0	0	0	4	物理防御降低15%	0
212025	刺	1121205	1	0	0	0	0	0	0	0	0	0	5	物理防御降低15%	0
212061	破	1121206	1	1	500041	head	2	113	0	0	0	0	1	眩晕，无法移动和使用技能	0
212062	破	1121206	1	1	500041	head	2	113	0	0	0	0	2	眩晕，无法移动和使用技能	0
212063	破	1121206	1	1	500041	head	2	113	0	0	0	0	3	眩晕，无法移动和使用技能	0
212064	破	1121206	1	1	500041	head	2	113	0	0	0	0	4	眩晕，无法移动和使用技能	0
212065	破	1121206	1	1	500041	head	2	113	0	0	0	0	5	眩晕，无法移动和使用技能	0
221011	开天	1122101	1	0	0	0	0	0	0	0	0	0	1	物理防御降低10%	0
221012	开天	1122101	1	0	0	0	0	0	0	0	0	0	2	物理防御降低10%	0
221013	开天	1122101	1	0	0	0	0	0	0	0	0	0	3	物理防御降低10%	0
221014	开天	1122101	1	0	0	0	0	0	0	0	0	0	4	物理防御降低10%	0
221015	开天	1122101	1	0	0	0	0	0	0	0	0	0	5	物理防御降低10%	0
221031	真武刃	1122103	1	1	221033	static	0	0	0	0	0	0	1	物理攻击降低10%	0
221032	真武刃	1122103	1	1	221033	static	0	0	0	0	0	0	2	物理攻击降低10%	0
221033	真武刃	1122103	1	1	221033	static	0	0	0	0	0	0	3	物理攻击降低10%	0
221034	真武刃	1122103	1	1	221033	static	0	0	0	0	0	0	4	物理攻击降低10%	0
221035	真武刃	1122103	1	1	221033	static	0	0	0	0	0	0	5	物理攻击降低10%	0
221051	血洒沙场	1122105	0	17	125	0	18	0	E60000	1	221051	static	1	物理攻击增加3%，但是会持续损耗自己的生命值	0
221052	血洒沙场	1122105	0	17	125	0	18	0	E60000	1	221051	static	2	物理攻击增加6%，但是会持续损耗自己的生命值	0
221053	血洒沙场	1122105	0	17	125	0	18	0	E60000	1	221051	static	3	物理攻击增加9%，但是会持续损耗自己的生命值	0
221054	血洒沙场	1122105	0	17	125	0	18	0	E60000	1	221051	static	4	物理攻击增加12%，但是会持续损耗自己的生命值	0
221055	血洒沙场	1122105	0	17	125	0	18	0	E60000	1	221051	static	5	物理攻击增加15%，但是会持续损耗自己的生命值	0
222031	真气护盾	1122203	0	1	222031	static	0	0	0	0	0	0	1	真气护盾，期间受到任何伤害降低12%并把这些伤害反弹给攻击者	0
222032	真气护盾	1122203	0	1	222031	static	0	0	0	0	0	0	2	真气护盾，期间受到任何伤害降低14%并把这些伤害反弹给攻击者	0
222033	真气护盾	1122203	0	1	222031	static	0	0	0	0	0	0	3	真气护盾，期间受到任何伤害降低16%并把这些伤害反弹给攻击者	0
222034	真气护盾	1122203	0	1	222031	static	0	0	0	0	0	0	4	真气护盾，期间受到任何伤害降低18%并把这些伤害反弹给攻击者	0
222035	真气护盾	1122203	0	1	222031	static	0	0	0	0	0	0	5	真气护盾，期间受到任何伤害降低20%并把这些伤害反弹给攻击者	0
222051	尖刺护盾	1122205	0	1	222051	static	0	0	0	0	0	0	1	尖刺护盾，期间受到不会受到任何伤害，但是自身攻击降低20%	0
222052	尖刺护盾	1122205	0	1	222051	static	0	0	0	0	0	0	2	尖刺护盾，期间受到不会受到任何伤害，但是自身攻击降低20%	0
222053	尖刺护盾	1122205	0	1	222051	static	0	0	0	0	0	0	3	尖刺护盾，期间受到不会受到任何伤害，但是自身攻击降低20%	0
222054	尖刺护盾	1122205	0	1	222051	static	0	0	0	0	0	0	4	尖刺护盾，期间受到不会受到任何伤害，但是自身攻击降低20%	0
222055	尖刺护盾	1122205	0	1	222051	static	0	0	0	0	0	0	5	尖刺护盾，期间受到不会受到任何伤害，但是自身攻击降低20%	0
222061	祝福护盾	1122206	0	1	222061	static	0	0	0	0	0	0	1	祝福护盾，期间受到任何技能效果都反射给对方，但是自身移动速度降低20%	0
222062	祝福护盾	1122206	0	1	222061	static	0	0	0	0	0	0	2	祝福护盾，期间受到任何技能效果都反射给对方，但是自身移动速度降低20%	0
222063	祝福护盾	1122206	0	1	222061	static	0	0	0	0	0	0	3	祝福护盾，期间受到任何技能效果都反射给对方，但是自身移动速度降低20%	0
222064	祝福护盾	1122206	0	1	222061	static	0	0	0	0	0	0	4	祝福护盾，期间受到任何技能效果都反射给对方，但是自身移动速度降低20%	0
222065	祝福护盾	1122206	0	1	222061	static	0	0	0	0	0	0	5	祝福护盾，期间受到任何技能效果都反射给对方，但是自身移动速度降低20%	0
222071	天神怒击	1122207	1	1	500041	head	0	0	0	0	0	0	1	眩晕，无法移动和使用技能	0
222072	天神怒击	1122207	1	1	500041	head	0	0	0	0	0	0	2	眩晕，无法移动和使用技能	0
222073	天神怒击	1122207	1	1	500041	head	0	0	0	0	0	0	3	眩晕，无法移动和使用技能	0
222074	天神怒击	1122207	1	1	500041	head	0	0	0	0	0	0	4	眩晕，无法移动和使用技能	0
222075	天神怒击	1122207	1	1	500041	head	0	0	0	0	0	0	5	眩晕，无法移动和使用技能	0
312021	飞燕	1131202	0	1	312021	thorax	0	0	0	0	0	0	1	飞燕，移动速度增加	0	
312022	飞燕	1131202	0	1	312021	thorax	0	0	0	0	0	0	2	飞燕，移动速度增加	0
312023	飞燕	1131202	0	1	312021	thorax	0	0	0	0	0	0	3	飞燕，移动速度增加	0	
312024	飞燕	1131202	0	1	312021	thorax	0	0	0	0	0	0	4	飞燕，移动速度增加	0	
312025	飞燕	1131202	0	1	312021	thorax	0	0	0	0	0	0	5	飞燕，移动速度增加	0	
312031	空蝉	1131203	0	1	312031	root	0	0	0	0	0	0	1	空蝉	0	
312032	空蝉	1131203	0	1	312031	root	0	0	0	0	0	0	2	空蝉	0
312033	空蝉	1131203	0	1	312031	root	0	0	0	0	0	0	3	空蝉	0	
312034	空蝉	1131203	0	1	312031	root	0	0	0	0	0	0	4	空蝉	0	
312035	空蝉	1131203	0	1	312031	root	0	0	0	0	0	0	5	空蝉	0	
312041	阴忍	1131204	0	1	312041	root	1011	0	0	0	0	0	1	阴忍	0	
312042	阴忍	1131204	0	1	312041	root	1011	0	0	0	0	0	2	阴忍	0
312043	阴忍	1131204	0	1	312041	root	1011	0	0	0	0	0	3	阴忍	0	
312044	阴忍	1131204	0	1	312041	root	1011	0	0	0	0	0	4	阴忍	0	
312045	阴忍	1131204	0	1	312041	root	1011	0	0	0	0	0	5	阴忍	0	
312051	阳忍	1131205	0	1	312051	root	0	0	0	0	0	0	1	阳忍	0	
312052	阳忍	1131205	0	1	312051	root	0	0	0	0	0	0	2	阳忍	0
312053	阳忍	1131205	0	1	312051	root	0	0	0	0	0	0	3	阳忍	0	
312054	阳忍	1131205	0	1	312051	root	0	0	0	0	0	0	4	阳忍	0	
312055	阳忍	1131205	0	1	312051	root	0	0	0	0	0	0	5	阳忍	0	
410371	魔剑的狡诈	1122403	1	1	500041	head	0	0	0	0	0	0	1	眩晕，无法移动和使用技能	0
410401	城门受损	1111205	1	0	0	0	0	0	0	0	0	0	1	城门着火了，变得更容易受损	0
410411	神兽的庇护	3310125	1	1	500077	root	0	0	0	0	0	0	1	神兽在庇护着你	0
410431	攻击方的愤怒	1121202	1	1	500077	root	0	0	0	0	0	0	1	攻城军的愤怒	0
410441	防御者的庇护	1122403	1	1	500077	root	0	0	0	0	0	0	1	防御者的庇护	0
410491	真龙形态	4312110	0	4	99999038	0	17	70	0	0	0	0	1	真龙形态	0
410501	真龙形态	4312110	0	4	99999020	0	17	90	0	0	0	0	1	真龙形态	0
410711	\绳风暴	1121106	0	20	34	0	1	9001061	root	15	9001063	root	1	\绳风暴，对周围目标造成伤害	0
410741	腐蚀	1112402	1	1	122013	thorax	0	0	0	0	0	0	1	受到持续伤害	0
410751	魅惑	1112205	1	1	500045	head	0	0	0	0	0	0	1	昏睡，受到伤害则被唤醒	0
410761	愤怒	1111203	0	18	0	E60000	17	200	0	0	0	0	1	愤怒，攻击和防御增加	0	
410771	龙族遗志	1122104	0	18	0	E60000	17	120	0	0	0	0	1	龙族遗志，攻击增加	0	
410811	骸骨盾	1122205	1	1	222051	static	0	0	0	0	0	0	1	受到伤害则恢复生命	0
410831	骷髅化	4311305	1	0	0	0	0	0	0	0	0	0	1	变成骷髅	0
460011	回春	1112305	0	1	500015	root	0	0	0	0	0	0	1	持续恢复生命	0
460021	化狐	4313302	0	1	0	0	0	0	0	0	0	0	1	化狐，变身为狐狸	0
460031	减速	1121407	1	1	0	0	0	0	0	0	0	0	1	减速，移动速度减少50%	0
460041	尖啸	1112407	1	1	500041	head	0	0	0	0	0	0	1	眩晕，无法移动和使用技能	0
460051	迷魂	1111402	1	1	500044	head	0	0	0	0	0	0	1	沉默，无法使用技能	0
460061	中毒	1112402	1	1	0	0	0	0	0	0	0	0	1	受到持续伤害	0
460071	感染	4312201	1	1	0	0	0	0	0	0	0	0	1	感染，变身为狼	30100154
460101	石化	1122403	1	18	0	101010	16	0	0	0	0	0	1	石化，无法移动和使用技能	0
460111	灼烧	1111401	1	18	0	E60000	1	500042	thorax	0	0	0	1	受到持续伤害	0
460121	狂化	1122403	0	1	0	0	0	0	0	0	0	0	1		0
460131	遁形	1122403	0	1	0	0	0	0	0	0	0	0	1		0
500051	变身	1122401	0	17	130	0	0	0	0	0	0	0	1	你感到一股奇异的力量	0
500061	浓雾	8100002	0	1000	500031	static	0	0	0	0	0	0	1	你身处在浓雾中	0
500191	变身	1122401	0	17	130	0	0	0	0	0	0	0	1	你感到一股奇异的力量	0
500251	变身	1122401	0	17	130	0	0	0	0	0	0	0	1	你感到一股奇异的力量	0
500261	变身	1122401	0	17	130	0	0	0	0	0	0	0	1	你感到一股奇异的力量	0
500271	食龙兽变身	4312203	0	17	200	0	0	0	0	0	0	0	1	你变身为食龙兽	30100124
500281	变身	4312303	0	4	99999025	0	0	0	0	0	0	0	1	你变身为歪歪熊	99999025
500291	变身	4311305	0	4	30101163	0	0	0	0	0	0	0	1	你变身为骷髅战士	30101163
500321	金灵气	1122203	0	0	0	0	0	0	0	0	0	0	1	开门灵气，五行属金	0
500331	土灵气	1103003	0	0	0	0	0	0	0	0	0	0	1	生门灵气，五行属土	0
500341	火灵气	1111203	0	0	0	0	0	0	0	0	0	0	1	景门灵气，五行属火	0
501601	减速	1111203	0	0	0	0	0	0	0	0	0	0	1		0
501611	审判	1111203	0	0	0	0	0	0	0	0	0	0	1		0
501612	剧情中	0	0	1000	500160	static	0	0	0	0	0	0	1	剧情中！	0
900031	低级回复药	3300104	0	1	500015	root	0	0	0	0	0	0	1	持续恢复生命，每2秒回复生命值100	0
900032	中级回复药	3300105	0	1	500015	root	0	0	0	0	0	0	1	持续恢复生命，每2秒回复生命值200	0
900033	高级回复药	3300106	0	1	500015	root	0	0	0	0	0	0	1	持续恢复生命，每2秒回复生命值400	0
900034	特级回复药	3300116	0	1	500015	root	0	0	0	0	0	0	1	持续恢复生命，每2秒回复生命值600	0
900035	顶级回复药	3300117	0	1	500015	root	0	0	0	0	0	0	1	持续恢复生命，每2秒回复生命值800	0
900041	低级聚灵水	3300110	0	1	500017	root	0	0	0	0	0	0	1	持续恢复法力，每2秒回复法力值200	0
900042	中级聚灵水	3300111	0	1	500017	root	0	0	0	0	0	0	1	持续恢复法力，每2秒回复法力值500	0
900043	高级聚灵水	3300112	0	1	500017	root	0	0	0	0	0	0	1	持续恢复法力，每2秒回复法力值800	0
900044	特级聚灵水	3300122	0	1	500017	root	0	0	0	0	0	0	1	持续恢复法力，每2秒回复法力值1200	0
900045	顶级聚灵水	3300123	0	1	500017	root	0	0	0	0	0	0	1	持续恢复法力，每2秒回复法力值1800	0
900051	缩骨丸	3300401	0	17	75	0	0	0	0	0	0	0	1	你的体型缩小了	0
900061	巨人丸	3300402	0	17	125	0	0	0	0	0	0	0	1	你的体型变大了	0
900071	攻击神符	3300403	0	1	500073	b_rh	1	500073	b_lh	0	0	0	1	物理攻击和法术攻击增加100%，持续120秒	0
900081	中攻击符	3300404	0	1	500073	b_rh	1	500073	b_lh	0	0	0	1	物理攻击和法术攻击增加100，持续180秒	0
900101	速度神符	3300403	0	1	500078	thorax	0	0	0	0	0	0	1	移动速度增加50%，持续120秒	0
900111	千人斩！	1121405	0	1009	500125	thorax	1	500128	thorax	0	0	0	1	完成了千人斩的壮举！	0
112051	逐日天锁	1111205	1	1	112055	thorax	1	112056	root	0	0	0	1	定身，无法移动	0
112052	逐日天锁	1111205	1	1	112055	thorax	1	112056	root	0	0	0	2	定身，无法移动	0
112053	逐日天锁	1111205	1	1	112055	thorax	1	112056	root	0	0	0	3	定身，无法移动	0
112054	逐日天锁	1111205	1	1	112055	thorax	1	112056	root	0	0	0	4	定身，无法移动	0
112055	逐日天锁	1111205	1	1	112055	thorax	1	112056	root	0	0	0	5	定身，无法移动	0
1130211	寒邪	1111302	1	0	0	0	0	0	0	0	0	0	1	减速，移动速度降低2%	
1130212	寒邪	1111302	1	0	0	0	0	0	0	0	0	0	2	减速，移动速度降低4%	
1130213	寒邪	1111302	1	0	0	0	0	0	0	0	0	0	3	减速，移动速度降低6%	
1130214	寒邪	1111302	1	0	0	0	0	0	0	0	0	0	4	减速，移动速度降低8%	
1130215	寒邪	1111302	1	0	0	0	0	0	0	0	0	0	5	减速，移动速度降低10%	
1130411	冻结	1111304	1	18	0	2D5AF9	16	0	0	1	111042	static	1	冻结，无法移动和使用技能，受到伤害则中断	0
1130412	冻结	1111304	1	18	0	2D5AF9	16	0	0	1	111042	static	2	冻结，无法移动和使用技能，受到伤害则中断	0
1130413	冻结	1111304	1	18	0	2D5AF9	16	0	0	1	111042	static	3	冻结，无法移动和使用技能，受到伤害则中断	0
1130414	冻结	1111304	1	18	0	2D5AF9	16	0	0	1	111042	static	4	冻结，无法移动和使用技能，受到伤害则中断	0
1130415	冻结	1111304	1	18	0	2D5AF9	16	0	0	1	111042	static	5	冻结，无法移动和使用技能，受到伤害则中断	0
1130611	阴魂	1111306	0	0	0	0	0	0	0	0	0	0	1	移动速度增加10%，物理防御增加10%	0
1130612	阴魂	1111306	0	0	0	0	0	0	0	0	0	0	2	移动速度增加13%，物理防御增加11%	0
1130613	阴魂	1111306	0	0	0	0	0	0	0	0	0	0	3	移动速度增加16%，物理防御增加12%	0
1130614	阴魂	1111306	0	0	0	0	0	0	0	0	0	0	4	移动速度增加19%，物理防御增加13%	0
1130615	阴魂	1111306	0	0	0	0	0	0	0	0	0	0	5	移动速度增加22%，物理防御增加14%	0
1130811	寒冰刺骨	1111308	0	1	113081	thorax	0	0	0	0	0	0	1	烈焰赤阳的变为瞬间释放	0
1130812	寒冰刺骨	1111308	0	1	113081	thorax	0	0	0	0	0	0	2	烈焰赤阳的变为瞬间释放	0
1130813	寒冰刺骨	1111308	0	1	113081	thorax	0	0	0	0	0	0	3	烈焰赤阳的变为瞬间释放	0
1130814	寒冰刺骨	1111308	0	1	113081	thorax	0	0	0	0	0	0	4	烈焰赤阳的变为瞬间释放	0
1130815	寒冰刺骨	1111308	0	1	113081	thorax	0	0	0	0	0	0	5	烈焰赤阳的变为瞬间释放	0
1140111	调息	1111401	0	0	0	0	0	0	0	0	0	0	1	调息，每一层法术攻击增加2%	
1140112	调息	1111401	0	0	0	0	0	0	0	0	0	0	2	调息，每一层法术攻击增加2%	
1140113	调息	1111401	0	0	0	0	0	0	0	0	0	0	3	调息，每一层法术攻击增加2%	
1140114	调息	1111401	0	0	0	0	0	0	0	0	0	0	4	调息，每一层法术攻击增加2%	
1140115	调息	1111401	0	0	0	0	0	0	0	0	0	0	5	调息，每一层法术攻击增加2%	
1140211	灼烧	1111402	1	18	0	E60000	1	500042	thorax	0	0	0	1	受到持续伤害	0
1140212	灼烧	1111402	1	18	0	E60000	1	500042	thorax	0	0	0	2	受到持续伤害	0
1140213	灼烧	1111402	1	18	0	E60000	1	500042	thorax	0	0	0	3	受到持续伤害	0
1140214	灼烧	1111402	1	18	0	E60000	1	500042	thorax	0	0	0	4	受到持续伤害	0
1140215	灼烧	1111402	1	18	0	E60000	1	500042	thorax	0	0	0	5	受到持续伤害	0
1140411	浩劫	1111404	1	18	0	E60000	1	500042	thorax	0	0	0	1	浩劫，移动速度降低20%，韧性降低10%	0
1140412	浩劫	1111404	1	18	0	E60000	1	500042	thorax	0	0	0	2	浩劫，移动速度降低20%，韧性降低10%	0
1140413	浩劫	1111404	1	18	0	E60000	1	500042	thorax	0	0	0	3	浩劫，移动速度降低20%，韧性降低10%	0
1140414	浩劫	1111404	1	18	0	E60000	1	500042	thorax	0	0	0	4	浩劫，移动速度降低20%，韧性降低10%	0
1140415	浩劫	1111404	1	18	0	E60000	1	500042	thorax	0	0	0	5	浩劫，移动速度降低20%，韧性降低10%	0
1210401	镜花	1112104	0	1	121043	root	0	0	0	0	0	0	1	镜花，物理和法术防御增加5%	0
1210402	镜花	1112104	0	1	121043	root	0	0	0	0	0	0	2	镜花，物理和法术防御增加10%	0
1210403	镜花	1112104	0	1	121043	root	0	0	0	0	0	0	3	镜花，物理和法术防御增加15%	0
1210404	镜花	1112104	0	1	121043	root	0	0	0	0	0	0	4	镜花，物理和法术防御增加20%	0
1210405	镜花	1112104	0	1	121043	root	0	0	0	0	0	0	5	镜花，物理和法术防御增加25%	0
1210601	万华	1112106	0	1	121063	root	0	0	0	0	0	0	1	万华，减少受到的所有伤害，并有几率反射法术技能	0
1210602	万华	1112106	0	1	121063	root	0	0	0	0	0	0	2	万华，减少受到的所有伤害，并有几率反射法术技能	0
1210603	万华	1112106	0	1	121063	root	0	0	0	0	0	0	3	万华，减少受到的所有伤害，并有几率反射法术技能	0
1210604	万华	1112106	0	1	121063	root	0	0	0	0	0	0	4	万华，减少受到的所有伤害，并有几率反射法术技能	0
1210605	万华	1112106	0	1	121063	root	0	0	0	0	0	0	5	万华，减少受到的所有伤害，并有几率反射法术技能	0
1220401	凋零	1112204	1	1	122042	thorax	0	0	0	0	0	0	1	凋零，命中降低10%，移动速度降低20%	0
1220402	凋零	1112204	1	1	122042	thorax	0	0	0	0	0	0	2	凋零，命中降低20%，移动速度降低20%	0
1220403	凋零	1112204	1	1	122042	thorax	0	0	0	0	0	0	3	凋零，命中降低30%，移动速度降低20%	0
1220404	凋零	1112204	1	1	122042	thorax	0	0	0	0	0	0	4	凋零，命中降低40%，移动速度降低20%	0
1220405	凋零	1112204	1	1	122042	thorax	0	0	0	0	0	0	5	凋零，命中降低50%，移动速度降低20%	0
1220501	幽韵	1112205	1	1	122052	root	0	0	0	0	0	0	1	幽韵幻境，期间受到任何伤害增加25%	0
1220502	幽韵	1112205	1	1	122052	root	0	0	0	0	0	0	2	幽韵幻境，期间受到任何伤害增加25%	0
1220503	幽韵	1112205	1	1	122052	root	0	0	0	0	0	0	3	幽韵幻境，期间受到任何伤害增加25%	0
1220504	幽韵	1112205	1	1	122052	root	0	0	0	0	0	0	4	幽韵幻境，期间受到任何伤害增加25%	0
1220505	幽韵	1112205	1	1	122052	root	0	0	0	0	0	0	5	幽韵幻境，期间受到任何伤害增加25%	0
1230311	水月	1112303	0	0	0	0	0	0	0	0	0	0	1	持续恢复生命	0
1230312	水月	1112303	0	0	0	0	0	0	0	0	0	0	2	持续恢复生命	0
1230313	水月	1112303	0	0	0	0	0	0	0	0	0	0	3	持续恢复生命	0
1230314	水月	1112303	0	0	0	0	0	0	0	0	0	0	4	持续恢复生命	0
1230315	水月	1112303	0	0	0	0	0	0	0	0	0	0	5	持续恢复生命	0
1230711	雨散	1112307	1	0	0	0	0	0	0	0	0	0	1	物理攻击降低8%	0
1230712	雨散	1112307	1	0	0	0	0	0	0	0	0	0	2	物理攻击降低16%	0
1230713	雨散	1112307	1	0	0	0	0	0	0	0	0	0	3	物理攻击降低24%	0
1230714	雨散	1112307	1	0	0	0	0	0	0	0	0	0	4	物理攻击降低32%	0
1230715	雨散	1112307	1	0	0	0	0	0	0	0	0	0	5	物理攻击降低40%	0
1230811	神谕之光	1112308	0	0	0	0	0	0	0	0	0	0	1	持续恢复生命	0
1230812	神谕之光	1112308	0	0	0	0	0	0	0	0	0	0	2	持续恢复生命	0
1230813	神谕之光	1112308	0	0	0	0	0	0	0	0	0	0	3	持续恢复生命	0
1230814	神谕之光	1112308	0	0	0	0	0	0	0	0	0	0	4	持续恢复生命	0
1230815	神谕之光	1112308	0	0	0	0	0	0	0	0	0	0	5	持续恢复生命	0
1240311	魔音	1112403	1	0	0	0	0	0	0	0	0	0	1	闪避降低10%，韧性降低4%	0
1240312	魔音	1112403	1	0	0	0	0	0	0	0	0	0	2	闪避降低20%，韧性降低8%	0
1240313	魔音	1112403	1	0	0	0	0	0	0	0	0	0	3	闪避降低30%，韧性降低12%	0
1240314	魔音	1112403	1	0	0	0	0	0	0	0	0	0	4	闪避降低40%，韧性降低16%	0
1240315	魔音	1112403	1	0	0	0	0	0	0	0	0	0	5	闪避降低50%，韧性降低20%	0
2130811	眩晕	1121308	1	1	500041	head	0	0	0	0	0	0	1	眩晕，无法移动和使用技能	0
2130812	眩晕	1121308	1	1	500041	head	0	0	0	0	0	0	2	眩晕，无法移动和使用技能	0
2130813	眩晕	1121308	1	1	500041	head	0	0	0	0	0	0	3	眩晕，无法移动和使用技能	0
2130814	眩晕	1121308	1	1	500041	head	0	0	0	0	0	0	4	眩晕，无法移动和使用技能	0
2130815	眩晕	1121308	1	1	500041	head	0	0	0	0	0	0	5	眩晕，无法移动和使用技能	0
2140211	断	1121402	1	1	500044	head	0	0	0	0	0	0	1	丧失攻击能力，无法普通攻击和使用技能	0
2140212	断	1121402	1	1	500044	head	0	0	0	0	0	0	2	丧失攻击能力，无法普通攻击和使用技能	0
2140213	断	1121402	1	1	500044	head	0	0	0	0	0	0	3	丧失攻击能力，无法普通攻击和使用技能	0
2140214	断	1121402	1	1	500044	head	0	0	0	0	0	0	4	丧失攻击能力，无法普通攻击和使用技能	0
2140215	断	1121402	1	1	500044	head	0	0	0	0	0	0	5	丧失攻击能力，无法普通攻击和使用技能	0
2140411	魂	1121404	0	0	0	0	0	0	0	0	0	0	1	魂，物理攻击增加3%	0
2140412	魂	1121404	0	0	0	0	0	0	0	0	0	0	2	魂，物理攻击增加3%	0
2140413	魂	1121404	0	0	0	0	0	0	0	0	0	0	3	魂，物理攻击增加3%	0
2140414	魂	1121404	0	0	0	0	0	0	0	0	0	0	4	魂，物理攻击增加3%	0
2140415	魂	1121404	0	0	0	0	0	0	0	0	0	0	5	魂，物理攻击增加3%	0
2140611	杀	1121406	1	0	0	0	0	0	0	0	0	0	1	杀，物理防御降低1%	0
2140612	杀	1121406	1	0	0	0	0	0	0	0	0	0	2	杀，物理防御降低2%	0
2140613	杀	1121406	1	0	0	0	0	0	0	0	0	0	3	杀，物理防御降低3%	0
2140614	杀	1121406	1	0	0	0	0	0	0	0	0	0	4	杀，物理防御降低4%	0
2140615	杀	1121406	1	0	0	0	0	0	0	0	0	0	5	杀，物理防御降低5%	0
2140711	舞	1121407	0	0	0	0	0	0	0	0	0	0	1	舞，命中增加1%，移动速度增加2%	0
2140712	舞	1121407	0	0	0	0	0	0	0	0	0	0	2	舞，命中增加2%，移动速度增加4%	0
2140713	舞	1121407	0	0	0	0	0	0	0	0	0	0	3	舞，命中增加3%，移动速度增加6%	0
2140714	舞	1121407	0	0	0	0	0	0	0	0	0	0	4	舞，命中增加4%，移动速度增加8%	0
2140715	舞	1121407	0	0	0	0	0	0	0	0	0	0	5	舞，命中增加5%，移动速度增加10%	0
2230311	锁龙	1122303	1	0	0	0	0	0	0	0	0	0	1	减速，移动速度降低20%	0
2230312	锁龙	1122303	1	0	0	0	0	0	0	0	0	0	2	减速，移动速度降低30%	0
2230313	锁龙	1122303	1	0	0	0	0	0	0	0	0	0	3	减速，移动速度降低40%	0
2230314	锁龙	1122303	1	0	0	0	0	0	0	0	0	0	4	减速，移动速度降低50%	0
2230315	锁龙	1122303	1	0	0	0	0	0	0	0	0	0	5	减速，移动速度降低60%	0
2230411	破天	1122304	1	0	0	0	0	0	0	0	0	0	1	闪避降低3%	0
2230412	破天	1122304	1	0	0	0	0	0	0	0	0	0	2	闪避降低6%	0
2230413	破天	1122304	1	0	0	0	0	0	0	0	0	0	3	闪避降低9%	0
2230414	破天	1122304	1	0	0	0	0	0	0	0	0	0	4	闪避降低12%	0
2230415	破天	1122304	1	0	0	0	0	0	0	0	0	0	5	闪避降低15%	0
2230611	撕裂	1122306	1	0	0	0	0	0	0	0	0	0	1	受到持续伤害	0
2230612	撕裂	1122306	1	0	0	0	0	0	0	0	0	0	2	受到持续伤害	0
2230613	撕裂	1122306	1	0	0	0	0	0	0	0	0	0	3	受到持续伤害	0
2230614	撕裂	1122306	1	0	0	0	0	0	0	0	0	0	4	受到持续伤害	0
2230615	撕裂	1122306	1	0	0	0	0	0	0	0	0	0	5	受到持续伤害	0
2230711	强袭	1122307	1	0	0	0	0	0	0	0	0	0	1	受到所有伤害增加10%	0
2230712	强袭	1122307	1	0	0	0	0	0	0	0	0	0	2	受到所有伤害增加10%	0
2230713	强袭	1122307	1	0	0	0	0	0	0	0	0	0	3	受到所有伤害增加10%	0
2230714	强袭	1122307	1	0	0	0	0	0	0	0	0	0	4	受到所有伤害增加10%	0
2230715	强袭	1122307	1	0	0	0	0	0	0	0	0	0	5	受到所有伤害增加10%	0
2230811	血怒	1122308	0	0	0	0	0	0	0	0	0	0	1	血怒，移动速度增加18%	0
2230812	血怒	1122308	0	0	0	0	0	0	0	0	0	0	2	血怒，移动速度增加22%	0
2230813	血怒	1122308	0	0	0	0	0	0	0	0	0	0	3	血怒，移动速度增加26%	0
2230814	血怒	1122308	0	0	0	0	0	0	0	0	0	0	4	血怒，移动速度增加30%	0
2230815	血怒	1122308	0	0	0	0	0	0	0	0	0	0	5	血怒，移动速度增加34%	0
2240311	狂澜怒吼	1122403	1	1	500044	head	0	0	0	0	0	0	1	沉默，无法使用技能	0
2240312	狂澜怒吼	1122403	1	1	500044	head	0	0	0	0	0	0	2	沉默，无法使用技能	0
2240313	狂澜怒吼	1122403	1	1	500044	head	0	0	0	0	0	0	3	沉默，无法使用技能	0
2240314	狂澜怒吼	1122403	1	1	500044	head	0	0	0	0	0	0	4	沉默，无法使用技能	0
2240315	狂澜怒吼	1122403	1	1	500044	head	0	0	0	0	0	0	5	沉默，无法使用技能	0
6000011	攻击降低	1122306	1	1	500044	head	0	0	0	0	0	0	1	攻击降低	0
6000031	沉默	1122403	1	1	500044	head	0	0	0	0	0	0	1	沉默，无法使用技能	0
6000041	减速	1111402	1	0	0	0	0	0	0	0	0	0	1	减速，移动速度减少30%	0
6000071	加速	1122403	0	0	0	0	0	0	0	0	0	0	1	移动速度增加	0
6000081	免伤	1122203	0	0	0	0	0	0	0	0	0	0	1	减少20%受到的伤害	0
7000051	凶残	1101006	0	0	0	0	0	0	0	0	0	0	1	物理攻击增加	0
7000061	铁壁	1104002	0	0	0	0	0	0	0	0	0	0	1	物理防御增加	0
7000071	孱弱	1103004	1	0	0	0	0	0	0	0	0	0	1	物理攻击降低	0
7000081	撕碎	1103005	1	0	0	0	0	0	0	0	0	0	1	物理防御降低	0
7000161	拍击	1101004	1	1	500041	head	0	0	0	0	0	0	1	眩晕，无法移动和使用技能	0
7000131	虚弱	1103004	1	0	0	0	0	0	0	0	0	0	1	物理攻击降低	0
7000141	破甲	1103005	1	0	0	0	0	0	0	0	0	0	1	物理防御降低	0
7000181	践踏	1101004	1	1	500041	head	0	0	0	0	0	0	1	眩晕，无法移动和使用技能	0
7100141	扰乱	1102005	1	0	0	0	0	0	0	0	0	0	1	暴击降低	0
7100151	刺眼	1102008	1	0	0	0	0	0	0	0	0	0	1	命中降低	0
7100161	迟缓	1103002	1	0	0	0	0	0	0	0	0	0	1	减速，移动速度降低	0
7100171	腐蚀	1102003	1	0	0	0	0	0	0	0	0	0	1	受到持续伤害	0
7100181	泥沼	1103002	1	0	0	0	0	0	0	0	0	0	1	减速，移动速度降低	0
7100191	瘟疫	1102003	1	0	0	0	0	0	0	0	0	0	1	受到持续伤害	0
7200111	迟钝	1104004	1	0	0	0	0	0	0	0	0	0	1	闪避降低	0
7200121	低吼	1102001	1	0	0	0	0	0	0	0	0	0	1	韧性降低	0
7200131	巫毒	1103001	1	0	0	0	0	0	0	0	0	0	1	最大生命值降低	0
7200141	束缚	1101004	1	0	0	0	0	0	0	0	0	0	1	定身，无法移动	0
7200161	缠绕	1101004	1	0	0	0	0	0	0	0	0	0	1	定身，无法移动	0
7300101	审判	1103004	1	0	0	0	0	0	0	0	0	0	1	法术攻击降低	0
7300111	穿刺	1103005	1	0	0	0	0	0	0	0	0	0	1	法术防御降低	0
7300121	刺耳	1101004	1	1	500044	head	0	0	0	0	0	0	1	沉默，无法使用技能	0
7300141	尖叫	1101004	1	1	500044	head	0	0	0	0	0	0	1	沉默，无法使用技能	0
8000111	宋帝王	4512206	1	0	0	0	0	0	0	0	0	0	1	物理防御增加30%，移动速度增加30%	0
8000131	卞城王	4516004	1	1	500044	head	0	0	0	0	0	0	1	沉默，无法使用技能	0
9000381	昏睡	1112105	1	1	500045	head	0	0	0	0	0	0	1	昏睡，无法移动和释放技能，受到伤害则唤醒	0
9000391	物攻光环	1121405	0	0	0	0	0	0	0	0	0	0	1	使附近队友的物理攻击增加30%	0
9000401	法攻光环	1111305	0	0	0	0	0	0	0	0	0	0	1	使附近队友的法术攻击增加30%	0
9000411	防御光环	1122203	0	0	0	0	0	0	0	0	0	0	1	使附近队友的物理防御和法术防御增加50%	0
9000421	闪避光环	1121407	0	0	0	0	0	0	0	0	0	0	1	使附近队友的闪避增加100%	0
9000431	韧性光环	1121308	0	0	0	0	0	0	0	0	0	0	1	使附近队友的韧性增加100%	0
9000441	减速光环	1121402	1	1	500043	thorax	0	0	0	0	0	0	1	使附近敌人减速，移动速度降低40%	0
9000451	沉默光环	1122403	1	1	500044	head	0	0	0	0	0	0	1	使附近敌人沉默，无法使用技能	0
9001011	幽冥鬼爪	1112204	1	0	0	0	0	0	0	0	0	0	1	定身，无法移动	0
9001051	急速涌泉	1111102	1	18	0	2D5AF9	0	0	0	0	0	0	1	减速，移动速度降低30%	0
9001061	\绳风暴	1121106	0	20	34	0	1	9001061	root	15	9001063	root	1	\绳风暴，对周围目标造成伤害	0
9001071	\绳之牢	1121106	1	1	500041	head	0	0	0	0	0	0	1	\绳之牢，无法移动和使用技能	0
9001081	\绳风暴	1121106	0	20	34	0	1	9001061	root	15	9001063	root	1	\绳风暴，对周围目标造成伤害	0
9001101	幽怨千魂	1112205	0	1	9001102	root	0	0	0	0	0	0	1	阎罗王的盔甲，受到所有伤害减免90%	0
9001131	地狱之门	1112307	0	1	121052	static	0	0	0	0	0	0	1	在地狱之门中，不会受到任何伤害	0
9001133	地狱冤魂	1112207	0	1	122064	thorax	0	0	0	0	0	0	1	受到地狱冤魂缠身，受到所有伤害增加10%	0
51019	幻蝶之妖	1112307	0	0	0	0	0	0	0	0	0	0	1	变身	30000123
51020	古树精	1112307	0	0	0	0	0	0	0	0	0	0	1	变身	30000122
51021	风狸	1112307	0	0	0	0	0	0	0	0	0	0	1	变身	30000121
51022	野狼	1112307	0	0	0	0	0	0	0	0	0	0	1	变身	30200113
51023	冥火妖	1112307	0	0	0	0	0	0	0	0	0	0	1	变身	30200127
51024	火吼前锋	1112307	0	0	0	0	0	0	0	0	0	0	1	变身	30200214
51025	泽魅	1112307	0	0	0	0	0	0	0	0	0	0	1	变身	30300132
51026	飞翼玄蛇	1112307	0	0	0	0	0	0	0	0	0	0	1	变身	30300113
51027	妖化巨蚁	1112307	0	0	0	0	0	0	0	0	0	0	1	变身	30300112
51028	火魃	1112307	0	0	0	0	0	0	0	0	0	0	1	变身	30000220
51029	金光	1112307	0	0	0	0	0	0	0	0	0	0	1	变身	30000219
51030	吞云兽	1112307	0	0	0	0	0	0	0	0	0	0	1	变身	30000218
51031	黑水玄蛇	1112307	0	0	0	0	0	0	0	0	0	0	1	变身	30000318
51032	狼人	1112307	0	0	0	0	0	0	0	0	0	0	1	变身	30000319
51033	影蝠之妖	1112307	0	0	0	0	0	0	0	0	0	0	1	变身	30000320
51034	YY熊	1112307	0	0	0	0	0	0	0	0	0	0	1	变身成YY熊	0
51035	独角兽	1112307	0	0	0	0	0	0	0	0	0	0	1	变身成独角兽	0